ALL_BLACKS   7 9 8 9 7 5 8 0 0 0 255 255 255
SPRINGBOKS   9 6 7 6 9 3 7 26 111 10 255 255 255
WALLABIES    5 8 7 9 5 9 6 237 223 0 23 118 7
ENGLAND      8 4 5 8 3 4 9 255 255 255 236 8 8
IRELAND      5 8 4 7 3 2 7 54 128 8 255 255 255
SCOTLAND     9 3 3 9 2 8 5 45 50 116 255 255 255
WALES        7 8 9 4 4 9 4 241 41 27 255 255 255
FRANCE       8 5 5 8 6 1 7 38 74 105 255 255 255
ITALY        7 4 2 3 3 3 2 40 127 200 255 255 255
ARGENTINA    6 8 5 7 3 9 4 127 182 239 255 255 255
USA          5 5 5 5 5 5 5 255 255 255 160 71 73
VIRGINA_RFC  9 9 9 9 9 9 9 232 118 26 7 16 111
HURRICANES   9 4 7 3 2 8 4 251 243 18 0 0 0
